0 0.534109 0.676957 0.037934 0.022051
0 0.583838 0.647409 0.029646 0.019405
0 0.313675 0.640353 0.046541 0.032635
0 0.312082 0.756891 0.019127 0.009482
0 0.396079 0.701764 0.018170 0.014774
0 0.315269 0.823264 0.020402 0.014333
0 0.399426 0.794928 0.011476 0.014112
0 0.562321 0.756340 0.039528 0.029548
0 0.623207 0.756340 0.020402 0.015877
0 0.733025 0.750717 0.021358 0.015215
0 0.731431 0.682800 0.021358 0.012569
0 0.772394 0.671224 0.019764 0.011466
0 0.222665 0.762073 0.017533 0.014553
0 0.190309 0.589636 0.028690 0.019405
0 0.208161 0.545535 0.028052 0.014112
0 0.408830 0.613230 0.018170 0.007938
0 0.492349 0.600110 0.021358 0.012128
0 0.477845 0.545755 0.012113 0.011466
0 0.520561 0.541345 0.012113 0.011025
0 0.447880 0.491510 0.015939 0.007938
0 0.548613 0.463065 0.015301 0.011025
0 0.703698 0.524366 0.017533 0.008379
0 0.469557 0.838479 0.019764 0.012128
0 0.188875 0.671555 0.018170 0.009041
0 0.147753 0.674421 0.016895 0.012569
1 0.146637 0.579383 0.051004 0.031533
1 0.305706 0.552811 0.042716 0.024697
1 0.441186 0.707718 0.023589 0.017420
1 0.525024 0.719625 0.030602 0.014774
0 0.636914 0.720176 0.020402 0.008379
0 0.511317 0.855347 0.022952 0.011025
0 0.685209 0.600110 0.021358 0.015215
0 0.485177 0.429217 0.015939 0.011687
0 0.219955 0.505623 0.015301 0.011025
0 0.736054 0.506615 0.021039 0.012128
0 0.425566 0.785006 0.028690 0.024697
0 0.487090 0.750496 0.021039 0.012569
1 0.314472 0.806725 0.017533 0.012569
0 0.359101 0.815436 0.021996 0.013230
0 0.194135 0.724035 0.024227 0.017420
0 0.439592 0.441014 0.019127 0.013230
