0 0.412957 0.589984 0.058336 0.038662
0 0.251919 0.673073 0.066012 0.044766
0 0.257599 0.523853 0.017194 0.012209
0 0.303961 0.565792 0.020264 0.013339
0 0.206939 0.492652 0.013509 0.010400
0 0.268806 0.457382 0.018729 0.010400
0 0.427848 0.543749 0.016273 0.013113
0 0.508597 0.581506 0.025484 0.017183
0 0.364599 0.705856 0.021799 0.014470
0 0.549893 0.666516 0.022720 0.012661
0 0.548511 0.617002 0.038993 0.025322
0 0.620203 0.641081 0.040528 0.028261
0 0.566012 0.571332 0.026098 0.015374
0 0.612373 0.484626 0.018729 0.016505
0 0.645379 0.549288 0.015966 0.014244
0 0.728124 0.743161 0.026712 0.014922
0 0.521799 0.800701 0.024870 0.015600
0 0.302119 0.800362 0.034387 0.022609
0 0.397145 0.777527 0.021185 0.014470
0 0.336045 0.832693 0.018729 0.014470
0 0.393153 0.835745 0.042677 0.033688
0 0.524870 0.732082 0.050046 0.037079
1 0.257446 0.618698 0.035309 0.031879
1 0.197574 0.635541 0.021799 0.018087
1 0.677924 0.534027 0.050967 0.040244
1 0.537458 0.765431 0.021799 0.018766
1 0.516580 0.411372 0.018729 0.011983
0 0.787688 0.699751 0.062327 0.048383
