0 0.236913 0.762246 0.016153 0.012078
0 0.562070 0.656900 0.018546 0.016551
0 0.530212 0.600313 0.018247 0.012972
0 0.583308 0.580072 0.016153 0.011407
0 0.552797 0.560613 0.017350 0.015880
0 0.613222 0.552673 0.020341 0.011631
0 0.710141 0.564974 0.015555 0.012972
0 0.716422 0.609372 0.014358 0.013643
0 0.478612 0.822187 0.031110 0.029524
0 0.540832 0.841982 0.018546 0.013196
0 0.636404 0.801610 0.032007 0.020130
0 0.305414 0.763028 0.049058 0.032431
0 0.153455 0.702751 0.015555 0.008499
0 0.276398 0.635987 0.028118 0.023932
0 0.784625 0.648960 0.017350 0.013643
0 0.803320 0.603892 0.020042 0.011631
1 0.615166 0.720756 0.054741 0.041825
1 0.683667 0.645046 0.037392 0.017446
1 0.336674 0.528070 0.029016 0.012972
1 0.484894 0.416685 0.022136 0.016551
1 0.532306 0.878774 0.026025 0.021472
0 0.825606 0.682174 0.045468 0.033997
2 0.463805 0.547976 0.051152 0.038023
0 0.623841 0.847461 0.022435 0.015209
0 0.774903 0.719973 0.011666 0.012972
0 0.372420 0.618989 0.040682 0.027511
1 0.372869 0.583650 0.043374 0.028853
0 0.302124 0.555580 0.026922 0.017446
0 0.321867 0.468575 0.020341 0.016551
0 0.410111 0.437598 0.019144 0.012301
0 0.567006 0.479087 0.018247 0.011631
1 0.664822 0.502908 0.046366 0.033326
3 0.739156 0.495750 0.056237 0.034668
0 0.480108 0.477298 0.041280 0.023708
1 0.514807 0.510400 0.061023 0.029524
0 0.531708 0.420264 0.044571 0.025050
0 0.252318 0.481660 0.014657 0.012301
1 0.221956 0.468575 0.025127 0.015209
0 0.187257 0.518005 0.025127 0.018788
0 0.221508 0.537128 0.018247 0.012301
0 0.142238 0.655111 0.016452 0.018788
0 0.151062 0.627712 0.022136 0.010065
0 0.167963 0.576046 0.021238 0.012301
1 0.233024 0.672445 0.049058 0.037352
2 0.236913 0.636658 0.047263 0.025274
2 0.279240 0.608924 0.051152 0.027511
0 0.731977 0.759114 0.014358 0.012972
0 0.736763 0.806307 0.018546 0.017893
0 0.774005 0.792552 0.013461 0.014985
0 0.737810 0.708902 0.051152 0.038246
0 0.738708 0.648624 0.014657 0.014314
0 0.749327 0.629501 0.018546 0.012301
1 0.604547 0.460635 0.028118 0.032431
0 0.794646 0.510065 0.020042 0.011407
0 0.805713 0.534221 0.019444 0.012301
1 0.314089 0.507493 0.047263 0.029524
1 0.858361 0.583650 0.057134 0.043167
