0 0.326709 0.641472 0.014308 0.013069
0 0.297297 0.605315 0.015898 0.006970
0 0.206200 0.604552 0.018124 0.007624
0 0.206200 0.583860 0.014944 0.005445
0 0.224801 0.525267 0.015898 0.009366
0 0.431955 0.784796 0.014944 0.010891
1 0.325437 0.802113 0.030843 0.022871
1 0.347218 0.859834 0.022258 0.016336
0 0.534976 0.700283 0.014308 0.008713
0 0.553100 0.596058 0.011129 0.009366
0 0.715739 0.695709 0.018442 0.011327
0 0.685215 0.623611 0.015898 0.015247
0 0.775835 0.547593 0.028617 0.016990
0 0.474086 0.786103 0.015262 0.012633
0 0.771065 0.814420 0.015898 0.011327
0 0.160413 0.725114 0.014308 0.013505
