0 0.548382 0.527833 0.020186 0.012149
0 0.586831 0.522200 0.021467 0.011045
0 0.463794 0.562845 0.014418 0.008394
0 0.513938 0.587144 0.012176 0.008394
0 0.534764 0.593550 0.018584 0.011045
0 0.447453 0.610559 0.013778 0.008836
0 0.457546 0.630550 0.012816 0.009940
0 0.249279 0.720786 0.019225 0.009278
0 0.232458 0.766070 0.014418 0.010603
0 0.273951 0.700353 0.016021 0.011708
0 0.447453 0.780981 0.018263 0.012591
0 0.369753 0.780760 0.018584 0.014358
1 0.806632 0.608129 0.033643 0.021648
1 0.418616 0.488292 0.026594 0.012591
1 0.558795 0.481445 0.015380 0.016567
1 0.456264 0.679920 0.023070 0.015021
1 0.519545 0.857742 0.026594 0.019439
1 0.630407 0.816103 0.043255 0.016567
1 0.585229 0.438370 0.036206 0.014358
0 0.323774 0.496907 0.011214 0.007731
0 0.272509 0.553457 0.017623 0.007290
0 0.259692 0.525845 0.011214 0.007290
0 0.212432 0.531920 0.019225 0.008394
0 0.270106 0.491275 0.019225 0.006627
0 0.376161 0.449415 0.016661 0.009940
0 0.524031 0.789596 0.014418 0.012149
0 0.451137 0.823503 0.019225 0.007069
0 0.551586 0.764193 0.015059 0.007731
0 0.535886 0.715264 0.011214 0.007069
0 0.579141 0.722774 0.017623 0.008836
0 0.612144 0.689088 0.017623 0.007731
0 0.576418 0.647007 0.013457 0.008836
0 0.829542 0.676055 0.008971 0.008173
0 0.878404 0.651535 0.021467 0.014358
0 0.395867 0.599624 0.011214 0.005522
0 0.428709 0.587917 0.012816 0.005522
0 0.465556 0.528937 0.019225 0.009940
0 0.520666 0.509609 0.009612 0.008836
0 0.557674 0.544621 0.014418 0.007290
0 0.703460 0.521979 0.014418 0.010603
0 0.767542 0.540755 0.014418 0.007069
0 0.573534 0.467307 0.012816 0.008173
0 0.400673 0.780097 0.014418 0.009940
0 0.628805 0.427325 0.017623 0.007731
0 0.872797 0.619726 0.013457 0.008173
