1 0.511135 0.633167 0.033096 0.026047
1 0.587225 0.663555 0.044850 0.047753
2 0.482060 0.493054 0.035571 0.029303
2 0.530467 0.461038 0.031550 0.026047
2 0.525518 0.404385 0.055676 0.027784
0 0.477884 0.454309 0.024126 0.014760
0 0.453139 0.422075 0.014847 0.009768
0 0.476802 0.433688 0.010826 0.008248
0 0.560625 0.444541 0.010207 0.008248
0 0.572688 0.464076 0.013919 0.011287
0 0.558305 0.518342 0.019177 0.012590
0 0.312713 0.570653 0.018559 0.008682
0 0.365450 0.581289 0.010826 0.011287
0 0.428395 0.553288 0.017940 0.013024
0 0.494432 0.595724 0.017012 0.011938
0 0.441540 0.640764 0.014538 0.013024
0 0.330189 0.626329 0.031859 0.021055
0 0.251315 0.554157 0.017631 0.010419
0 0.179400 0.693618 0.014847 0.012372
0 0.226879 0.745713 0.051036 0.035381
0 0.603155 0.719123 0.016084 0.014760
0 0.506805 0.718580 0.017012 0.012372
0 0.303897 0.678099 0.017631 0.008682
0 0.444170 0.815932 0.018559 0.013024
0 0.526291 0.817886 0.020105 0.012590
0 0.668419 0.796939 0.012372 0.016280
0 0.625580 0.830584 0.017631 0.011938
0 0.684349 0.689277 0.020724 0.010202
0 0.629756 0.709030 0.018559 0.011938
0 0.549799 0.718797 0.016393 0.009768
0 0.730745 0.730844 0.022580 0.013024
0 0.782246 0.696332 0.021652 0.014760
0 0.697185 0.665618 0.015466 0.011938
0 0.737705 0.643369 0.017940 0.013024
0 0.685586 0.580421 0.013919 0.015194
0 0.752861 0.565552 0.024745 0.014543
0 0.765543 0.546777 0.008661 0.008682
0 0.786421 0.555568 0.016393 0.011938
0 0.843953 0.593011 0.023198 0.015194
0 0.425766 0.603321 0.013919 0.009768
0 0.562945 0.695572 0.011754 0.011938
0 0.385091 0.803017 0.033406 0.024962
0 0.167028 0.589755 0.012991 0.010853
0 0.201516 0.625027 0.013919 0.007597
0 0.234303 0.483612 0.014538 0.009117
0 0.676307 0.476015 0.013919 0.011287
1 0.693938 0.453549 0.020105 0.009768
